0.6654999999999995
299,0
298,0
297,0
296,0
295,0
294,0
293,0
292,1
1001
291,0
290,0
289,0
288,0
287,0
286,1
1000
285,0
284,0
283,0
282,0
281,0
280,0
279,0
278,0
277,1
1000
276,0
275,0
274,0
273,0
272,0
271,1
1001
270,1
1000
269,0
268,0
267,1
1000
266,0
265,0
264,0
263,0
262,0
261,0
260,0
259,1
1002
258,1
1000
257,0
256,0
255,0
254,0
253,0
252,0
251,0
250,0
249,1
1002
248,0
247,0
246,1
1002
245,0
244,0
243,0
242,0
241,0
240,0
239,1
1002
238,0
237,0
236,1
1000
235,0
234,0
233,0
232,0
231,0
230,1
1000
229,0
228,1
1000
227,0
226,0
225,0
224,0
223,0
222,0
221,0
220,0
219,0
218,1
1000
217,0
216,0
215,0
214,0
213,0
212,0
211,0
210,0
209,0
208,0
207,0
206,0
205,1
1002
204,0
203,0
202,0
201,0
200,0
199,1
1002
198,0
197,1
1000
196,0
195,0
194,0
193,1
1000
192,0
191,0
190,0
189,1
1000
188,0
187,0
186,0
185,0
184,0
183,1
1001
182,1
1002
181,0
180,0
179,0
178,0
177,0
176,0
175,0
174,1
1001
173,1
1001
172,0
171,0
170,0
169,0
168,0
167,0
166,0
165,0
164,0
163,0
162,0
161,0
160,0
159,0
158,0
157,1
1001
156,0
155,0
154,0
153,0
152,0
151,0
150,0
149,0
148,0
147,0
146,0
145,0
144,1
1002
143,0
142,0
141,0
140,0
139,0
138,0
137,0
136,0
135,0
134,0
133,1
1002
132,0
131,0
130,0
129,0
128,0
127,0
126,0
125,0
124,1
1001
123,0
122,0
121,1
1001
120,0
119,0
118,0
117,0
116,0
115,0
114,0
113,1
1000
112,1
1002
111,0
110,0
109,0
108,0
107,0
106,1
1002
105,0
104,0
103,0
102,0
101,0
100,0
