0.41595959595959575
159,1
1000
158,1
1000
157,0
156,1
1002
155,1
1001
154,0
153,1
1000
152,1
1001
151,1
1002
150,0
149,0
148,0
147,1
1000
146,0
145,0
144,0
143,1
1000
142,0
141,1
1000
140,1
1002
139,1
1002
138,1
1001
137,1
1002
136,1
1000
135,1
1000
134,0
133,0
132,0
131,0
130,1
1001
129,0
128,1
1003
127,1
1003
126,1
1000
125,1
1003
124,1
1002
123,0
122,0
121,1
1001
120,0
119,1
1003
118,1
1002
117,1
1002
116,1
1002
115,0
114,0
113,0
112,0
111,1
1000
110,0
109,1
1002
108,0
107,1
1000
106,1
1001
105,1
1001
104,1
1001
103,1
1001
102,1
1003
101,1
1001
100,0
